[
    {
        "shapes": [
            "0220:0366,0333,0367,",
            "0221:0336,0336,0334,0220,0220,0220,0220,0335,0337,0337,",
            "0222:0335,0366,0332,0336,0330,0367,0335,0335,0366,0332,0332,0331,0367,0337,0335,",
            "0223:0334,0336,0336,0222,0222,0222,0222,0335,0337,0337,",
            "0224:0335,0336,0336,0366,0332,0332,0332,0330,0367,0335,0335,0366,0332,0332,0332,0331,0367,0335,0337,0337,",
            "0225:0336,0334,0224,0224,0224,0224,0335,0337,",
            "0226:0337,0335,0336,0366,0332,0336,0330,0367,0335,0335,0366,0331,0332,0332,0337,0367,0335,",
            "0227:0366,0333,0333,0333,0336,0330,0337,0367,0335,0335,0366,0333,0333,0333,0331,0367,0335,0335,",
            "0230:0336,0336,0336,0227,0227,0227,0227,0337,0337,0337,",
            "0231:0334,0336,0336,0336,0336,0366,0337,0330,0330,0333,0334,0367,0337,0337,0335,0335,0337,0230,0336,0336,0336,0366,0333,0333,0330,0334,0336,0367,0337,0337,0337,0337,0335,",
            "0232:0331,0230,0230,0230,0333,0335,0335,0230,0230,0230,0230,0230,0335,0335,0336,0336,0336,0336,0336,0333,0337,0337,0337,0337,0332,0337,0337,0337,0342,0336,0336,0336,0336,0336,0336,0332,0337,0337,0337,0337,0337,0337,0342,",
            "0233:0332,0332,0332,0332,0331,",
            "0260:0331,0230,0230,0230,0333,0335,0335,0230,0230,0230,0230,0230,0335,0335,0336,0336,0336,0336,0336,0333,0337,0337,0337,0337,0332,0337,0337,0337,0342,0336,0336,0336,0336,0336,0336,0332,0337,0337,0337,0337,0337,0337,0342,"
        ],
        "glyph": "0331,0230,0230,0230,0333,0335,0335,0230,0230,0230,0230,0230,0335,0335,0336,0336,0336,0336,0336,0333,0337,0337,0337,0337,0332,0337,0337,0337,0342,0336,0336,0336,0336,0336,0336,0332,0337,0337,0337,0337,0337,0337,0342,",
        "w": 1366,
        "h": 672,
        "x0": 633,
        "y0": 286,
        "x0rel": -0.5499999999999999,
        "y0rel": -0.5499999999999999,
        "unit": 90.90909090909092,
        "imgurl": "",
        "imgw": 2,
        "imgleft": -1,
        "imgtop": -1
    },
    {
        "shapes": [
            "0220:0366,0333,0367,",
            "0221:0336,0336,0334,0220,0220,0220,0220,0335,0337,0337,",
            "0222:0335,0366,0332,0336,0330,0367,0335,0335,0366,0332,0332,0331,0367,0337,0335,",
            "0223:0334,0336,0336,0222,0222,0222,0222,0335,0337,0337,",
            "0224:0335,0336,0336,0366,0332,0332,0332,0330,0367,0335,0335,0366,0332,0332,0332,0331,0367,0335,0337,0337,",
            "0225:0336,0334,0224,0224,0224,0224,0335,0337,",
            "0226:0337,0335,0336,0366,0332,0336,0330,0367,0335,0335,0366,0331,0332,0332,0337,0367,0335,",
            "0227:0366,0333,0333,0333,0336,0330,0337,0367,0335,0335,0366,0333,0333,0333,0331,0367,0335,0335,",
            "0230:0336,0336,0336,0227,0227,0227,0227,0337,0337,0337,",
            "0231:0334,0336,0336,0336,0336,0366,0337,0330,0330,0333,0334,0367,0337,0337,0335,0335,0337,0230,0336,0336,0336,0366,0333,0333,0330,0334,0336,0367,0337,0337,0337,0337,0335,",
            "0232:0331,0230,0230,0230,0333,0335,0335,0230,0230,0230,0230,0230,0335,0335,0336,0336,0336,0336,0336,0333,0337,0337,0337,0337,0332,0337,0337,0337,0342,0336,0336,0336,0336,0336,0336,0332,0337,0337,0337,0337,0337,0337,0342,",
            "0233:0332,0332,0332,0332,0331,",
            "0260:0331,0332,0332,0332,0332,0332,0221,0333,0331,0223,0333,0331,0225,0333,0331,0230,0333,0331,0231,0333,0333,0330,0332,0332,0332,0332,0332,0330,0336,0336,0331,0331,0331,0331,0331,0331,0332,0332,0332,0332,0220,0333,0333,0222,0333,0333,0333,0222,0333,0333,0333,0333,0333,0224,0333,0333,0333,"
        ],
        "glyph": "0331,0332,0332,0332,0332,0332,0221,0333,0331,0223,0333,0331,0225,0333,0331,0230,0333,0331,0231,0333,0333,0330,0332,0332,0332,0332,0332,0330,0336,0336,0331,0331,0331,0331,0331,0331,0332,0332,0332,0332,0220,0333,0333,0222,0333,0333,0333,0222,0333,0333,0333,0333,0333,0224,0333,0333,0333,",
        "w": 1366,
        "h": 672,
        "x0": 683,
        "y0": 336,
        "x0rel": 0,
        "y0rel": 0,
        "unit": 100,
        "imgurl": "",
        "imgw": 2,
        "imgleft": -1,
        "imgtop": -1
    }
]